%%MatrixMarket matrix coordinate real general
%--------------------------------------------------------------
% 
% date: 2020-6-27
% 
%--------------------------------------------------------------
14724 14724 68514
1 1 5.162086094966e-01
2 1 -8.792288639826e-04
3 1 -8.792288639826e-04
4 1 -1.641382228426e-04
1 2 -8.792288639826e-04
2 2 5.162086094966e-01
3 2 -8.792288639826e-04
5 2 -1.641382228426e-04
1 3 -8.792288639826e-04
2 3 -8.792288639826e-04
3 3 5.162086094966e-01
6 3 -1.641382228426e-04
1 4 -1.641382228426e-04
4 4 3.755945814148e-02
2 5 -1.641382228426e-04
5 5 3.755945814148e-02
3 6 -1.641382228426e-04
6 6 3.755945814148e-02
7 7 1.131135383122e-02
8 7 -2.205182802893e-03
9 7 -2.205182802893e-03
10 7 -1.943410700703e-04
13 7 -4.498380751911e-04
7 8 -2.205182802893e-03
8 8 1.131135383122e-02
9 8 -2.205182802893e-03
11 8 -1.943410700703e-04
14 8 -4.498380751911e-04
7 9 -2.205182802893e-03
8 9 -2.205182802893e-03
9 9 1.131135383122e-02
12 9 -1.943410700703e-04
15 9 -4.498380751911e-04
7 10 -1.943410700703e-04
10 10 1.468727311420e-02
8 11 -1.943410700703e-04
11 11 1.468727311420e-02
9 12 -1.943410700703e-04
12 12 1.468727311420e-02
7 13 -4.498380751911e-04
13 13 1.445434164867e-01
14 13 -2.844274172688e-02
15 13 -2.844274172688e-02
8 14 -4.498380751911e-04
13 14 -2.844274172688e-02
14 14 1.445434164867e-01
15 14 -2.844274172688e-02
9 15 -4.498380751911e-04
13 15 -2.844274172688e-02
14 15 -2.844274172688e-02
15 15 1.445434164867e-01
16 16 2.822224218431e-02
17 16 -6.234098979210e-03
18 16 -6.234098979210e-03
22 16 -2.369946926225e-02
23 16 5.384582780137e-03
24 16 5.384582780137e-03
16 17 -6.234098979210e-03
17 17 2.822224218431e-02
18 17 -6.234098979210e-03
22 17 5.384582780137e-03
23 17 -2.369946926225e-02
24 17 5.384582780137e-03
16 18 -6.234098979210e-03
17 18 -6.234098979210e-03
18 18 2.822224218431e-02
22 18 5.384582780137e-03
23 18 5.384582780137e-03
24 18 -2.369946926225e-02
19 19 5.560622374801e-01
22 19 -7.360803358515e-04
20 20 5.560622374801e-01
23 20 -7.360803358515e-04
21 21 5.560622374801e-01
24 21 -7.360803358515e-04
16 22 -2.369946926225e-02
17 22 5.384582780137e-03
18 22 5.384582780137e-03
19 22 -7.360803358515e-04
22 22 2.387531521953e-02
23 22 -5.384582780137e-03
24 22 -5.384582780137e-03
16 23 5.384582780137e-03
17 23 -2.369946926225e-02
18 23 5.384582780137e-03
20 23 -7.360803358515e-04
22 23 -5.384582780137e-03
23 23 2.387531521953e-02
24 23 -5.384582780137e-03
16 24 5.384582780137e-03
17 24 5.384582780137e-03
18 24 -2.369946926225e-02
21 24 -7.360803358515e-04
22 24 -5.384582780137e-03
23 24 -5.384582780137e-03
24 24 2.387531521953e-02
25 25 6.351884323083e-03
26 25 -1.246414326935e-03
27 25 -1.246414326935e-03
25 26 -1.246414326935e-03
26 26 6.351884323083e-03
27 26 -1.246414326935e-03
25 27 -1.246414326935e-03
26 27 -1.246414326935e-03
27 27 6.351884323083e-03
28 28 9.850605212612e-03
29 28 -4.410743528446e-04
30 28 -4.410743528446e-04
40 28 -1.442118918446e-04
42 28 1.442118918446e-04
28 29 -4.410743528446e-04
29 29 9.850605212612e-03
30 29 -4.410743528446e-04
40 29 1.442118918446e-04
41 29 -1.442118918446e-04
28 30 -4.410743528446e-04
29 30 -4.410743528446e-04
30 30 9.850605212612e-03
41 30 1.442118918446e-04
42 30 -1.442118918446e-04
31 31 8.569724226756e-02
37 31 -7.169172788243e-03
32 32 8.569724226756e-02
38 32 -7.169172788243e-03
33 33 8.569724226756e-02
39 33 -7.169172788243e-03
34 34 2.784225976544e-03
35 34 -4.300328083150e-04
36 34 -4.300328083150e-04
40 34 -3.161475292795e-04
34 35 -4.300328083150e-04
35 35 2.784225976544e-03
36 35 -4.300328083150e-04
41 35 -3.161475292795e-04
34 36 -4.300328083150e-04
35 36 -4.300328083150e-04
36 36 2.784225976544e-03
42 36 -3.161475292795e-04
31 37 -7.169172788243e-03
37 37 1.325837821701e-03
43 37 -2.858465066658e-05
32 38 -7.169172788243e-03
38 38 1.325837821701e-03
44 38 -2.858465066658e-05
33 39 -7.169172788243e-03
39 39 1.325837821701e-03
45 39 -2.858465066658e-05
28 40 -1.442118918446e-04
29 40 1.442118918446e-04
34 40 -3.161475292795e-04
40 40 2.442557072507e-04
43 40 -3.671594737086e-05
29 41 -1.442118918446e-04
30 41 1.442118918446e-04
35 41 -3.161475292795e-04
41 41 2.442557072507e-04
44 41 -3.671594737086e-05
28 42 1.442118918446e-04
30 42 -1.442118918446e-04
36 42 -3.161475292795e-04
42 42 2.442557072507e-04
45 42 -3.671594737086e-05
37 43 -2.858465066658e-05
40 43 -3.671594737086e-05
43 43 5.095717091324e-01
44 43 -9.198649406119e-04
45 43 -9.198649406119e-04
38 44 -2.858465066658e-05
41 44 -3.671594737086e-05
43 44 -9.198649406119e-04
44 44 5.095717091324e-01
45 44 -9.198649406119e-04
39 45 -2.858465066658e-05
42 45 -3.671594737086e-05
43 45 -9.198649406119e-04
44 45 -9.198649406119e-04
45 45 5.095717091324e-01
46 46 5.875610594947e-03
55 46 -7.804413153124e-05
47 47 5.875610594947e-03
56 47 -7.804413153124e-05
48 48 5.875610594947e-03
57 48 -7.804413153124e-05
49 49 1.317396023844e-01
50 49 -2.532780441029e-02
51 49 -2.532780441029e-02
52 49 -5.691705620129e-04
49 50 -2.532780441029e-02
50 50 1.317396023844e-01
51 50 -2.532780441029e-02
53 50 -5.691705620129e-04
49 51 -2.532780441029e-02
50 51 -2.532780441029e-02
51 51 1.317396023844e-01
54 51 -5.691705620129e-04
49 52 -5.691705620129e-04
52 52 3.565864484215e-03
53 52 -2.792251827874e-04
54 52 -2.792251827874e-04
55 52 -1.228803344103e-03
56 52 2.792251827874e-04
57 52 2.792251827874e-04
50 53 -5.691705620129e-04
52 53 -2.792251827874e-04
53 53 3.565864484215e-03
54 53 -2.792251827874e-04
55 53 2.792251827874e-04
56 53 -1.228803344103e-03
57 53 2.792251827874e-04
51 54 -5.691705620129e-04
52 54 -2.792251827874e-04
53 54 -2.792251827874e-04
54 54 3.565864484215e-03
55 54 2.792251827874e-04
56 54 2.792251827874e-04
57 54 -1.228803344103e-03
46 55 -7.804413153124e-05
52 55 -1.228803344103e-03
53 55 2.792251827874e-04
54 55 2.792251827874e-04
55 55 8.397053643784e-03
56 55 -1.252943790097e-03
57 55 -1.252943790097e-03
47 56 -7.804413153124e-05
52 56 2.792251827874e-04
53 56 -1.228803344103e-03
54 56 2.792251827874e-04
55 56 -1.252943790097e-03
56 56 8.397053643784e-03
57 56 -1.252943790097e-03
48 57 -7.804413153124e-05
52 57 2.792251827874e-04
53 57 2.792251827874e-04
54 57 -1.228803344103e-03
55 57 -1.252943790097e-03
56 57 -1.252943790097e-03
57 57 8.397053643784e-03
58 58 9.044173319660e-03
61 58 -7.433074893473e-05
59 59 9.044173319660e-03
62 59 -7.433074893473e-05
60 60 9.044173319660e-03
63 60 -7.433074893473e-05
58 61 -7.433074893473e-05
61 61 2.261638716889e-03
62 61 -4.348989089065e-04
63 61 -4.348989089065e-04
59 62 -7.433074893473e-05
61 62 -4.348989089065e-04
62 62 2.261638716889e-03
63 62 -4.348989089065e-04
60 63 -7.433074893473e-05
61 63 -4.348989089065e-04
62 63 -4.348989089065e-04
63 63 2.261638716889e-03
64 64 2.007894524676e-02
67 64 -2.530872068735e-04
65 65 2.007894524676e-02
68 65 -2.530872068735e-04
66 66 2.007894524676e-02
69 66 -2.530872068735e-04
64 67 -2.530872068735e-04
67 67 5.091313443180e-01
68 67 -8.379296622508e-04
69 67 -8.379296622508e-04
65 68 -2.530872068735e-04
67 68 -8.379296622508e-04
68 68 5.091313443180e-01
69 68 -8.379296622508e-04
66 69 -2.530872068735e-04
67 69 -8.379296622508e-04
68 69 -8.379296622508e-04
69 69 5.091313443180e-01
70 70 2.158191265100e-03
71 70 -4.300328083150e-04
72 70 -4.300328083150e-04
70 71 -4.300328083150e-04
71 71 2.158191265100e-03
72 71 -4.300328083150e-04
70 72 -4.300328083150e-04
71 72 -4.300328083150e-04
72 72 2.158191265100e-03
73 73 1.454300022389e-01
74 73 -2.844274172688e-02
75 73 -2.844274172688e-02
73 74 -2.844274172688e-02
74 74 1.454300022389e-01
75 74 -2.844274172688e-02
73 75 -2.844274172688e-02
74 75 -2.844274172688e-02
75 75 1.454300022389e-01
73 76 -1.393820287185e-01
76 76 1.000000000000e+00
74 77 -1.393820287185e-01
77 77 1.000000000000e+00
75 78 -1.393820287185e-01
78 78 1.000000000000e+00
79 79 1.293632740438e-01
80 79 -2.532780441029e-02
81 79 -2.532780441029e-02
79 80 -2.532780441029e-02
80 80 1.293632740438e-01
81 80 -2.532780441029e-02
79 81 -2.532780441029e-02
80 81 -2.532780441029e-02
81 81 1.293632740438e-01
82 82 1.349675199447e+01
83 82 -2.395770061360e-02
84 82 -2.395770061360e-02
85 82 -5.431517672741e-04
82 83 -2.395770061360e-02
83 83 1.349675199447e+01
84 83 -2.395770061360e-02
86 83 -5.431517672741e-04
82 84 -2.395770061360e-02
83 84 -2.395770061360e-02
84 84 1.349675199447e+01
87 84 -5.431517672741e-04
82 85 -5.431517672741e-04
85 85 2.276665282347e-03
86 85 -4.176083617539e-04
87 85 -4.176083617539e-04
83 86 -5.431517672741e-04
85 86 -4.176083617539e-04
86 86 2.276665282347e-03
87 86 -4.176083617539e-04
84 87 -5.431517672741e-04
85 87 -4.176083617539e-04
86 87 -4.176083617539e-04
87 87 2.276665282347e-03
88 88 1.228198508059e-01
89 88 -2.395770061360e-02
90 88 -2.395770061360e-02
88 89 -2.395770061360e-02
89 89 1.228198508059e-01
90 89 -2.395770061360e-02
88 90 -2.395770061360e-02
89 90 -2.395770061360e-02
90 90 1.228198508059e-01
91 91 7.014897297445e-03
92 91 -1.358113385077e-03
93 91 -1.358113385077e-03
91 92 -1.358113385077e-03
92 92 7.014897297445e-03
93 92 -1.358113385077e-03
91 93 -1.358113385077e-03
92 93 -1.358113385077e-03
93 93 7.014897297445e-03
94 94 4.350432354712e-03
95 94 -8.481785111414e-04
96 94 -8.481785111414e-04
97 94 -1.058378159010e-04
94 95 -8.481785111414e-04
95 95 4.350432354712e-03
96 95 -8.481785111414e-04
98 95 -1.058378159010e-04
94 96 -8.481785111414e-04
95 96 -8.481785111414e-04
96 96 4.350432354712e-03
99 96 -1.058378159010e-04
94 97 -1.058378159010e-04
97 97 1.257485931501e-02
95 98 -1.058378159010e-04
98 98 1.257485931501e-02
96 99 -1.058378159010e-04
99 99 1.257485931501e-02
100 100 7.611140463011e-01
101 100 -1.744137422391e-03
102 100 -1.744137422391e-03
103 100 -1.797036294232e-04
106 100 -1.781271072493e-04
100 101 -1.744137422391e-03
101 101 7.611140463011e-01
102 101 -1.744137422391e-03
104 101 -1.797036294232e-04
107 101 -1.781271072493e-04
100 102 -1.744137422391e-03
101 102 -1.744137422391e-03
102 102 7.611140463011e-01
105 102 -1.797036294232e-04
108 102 -1.781271072493e-04
100 103 -1.797036294232e-04
103 103 2.290063495615e-02
101 104 -1.797036294232e-04
104 104 2.290063495615e-02
102 105 -1.797036294232e-04
105 105 2.290063495615e-02
100 106 -1.781271072493e-04
106 106 2.289221191348e-02
101 107 -1.781271072493e-04
107 107 2.289221191348e-02
102 108 -1.781271072493e-04
108 108 2.289221191348e-02
109 109 5.831342335038e-03
110 109 -1.143677363396e-03
111 109 -1.143677363396e-03
112 109 -2.603901170939e-04
109 110 -1.143677363396e-03
110 110 5.831342335038e-03
111 110 -1.143677363396e-03
113 110 -2.603901170939e-04
109 111 -1.143677363396e-03
110 111 -1.143677363396e-03
111 111 5.831342335038e-03
114 111 -2.603901170939e-04
109 112 -2.603901170939e-04
112 112 1.351354918791e-02
113 112 -2.550145044853e-03
114 112 -2.550145044853e-03
110 113 -2.603901170939e-04
112 113 -2.550145044853e-03
113 113 1.351354918791e-02
114 113 -2.550145044853e-03
111 114 -2.603901170939e-04
112 114 -2.550145044853e-03
113 114 -2.550145044853e-03
114 114 1.351354918791e-02
115 115 1.414224475296e-02
118 115 -9.802325087392e-05
116 116 1.414224475296e-02
119 116 -9.802325087392e-05
117 117 1.414224475296e-02
120 117 -9.802325087392e-05
115 118 -9.802325087392e-05
118 118 4.298406465347e-03
119 118 -8.424166160658e-04
120 118 -8.424166160658e-04
116 119 -9.802325087392e-05
118 119 -8.424166160658e-04
119 119 4.298406465347e-03
120 119 -8.424166160658e-04
117 120 -9.802325087392e-05
118 120 -8.424166160658e-04
119 120 -8.424166160658e-04
120 120 4.298406465347e-03
121 121 2.326186916399e-02
124 121 -9.937420638256e-05
122 122 2.326186916399e-02
125 122 -9.937420638256e-05
123 123 2.326186916399e-02
126 123 -9.937420638256e-05
121 124 -9.937420638256e-05
124 124 4.349888090783e-03
125 124 -8.477483533583e-04
126 124 -8.477483533583e-04
122 125 -9.937420638256e-05
124 125 -8.477483533583e-04
125 125 4.349888090783e-03
126 125 -8.477483533583e-04
123 126 -9.937420638256e-05
124 126 -8.477483533583e-04
125 126 -8.477483533583e-04
126 126 4.349888090783e-03
127 127 1.457806129761e-03
128 127 -3.511885491253e-05
129 127 -3.511885491253e-05
130 127 -3.055775194640e-05
132 127 3.055775194640e-05
127 128 -3.511885491253e-05
128 128 1.457806129761e-03
129 128 -3.511885491253e-05
130 128 3.055775194640e-05
131 128 -3.055775194640e-05
127 129 -3.511885491253e-05
128 129 -3.511885491253e-05
129 129 1.457806129761e-03
131 129 3.055775194640e-05
132 129 -3.055775194640e-05
127 130 -3.055775194640e-05
128 130 3.055775194640e-05
130 130 8.066116223821e-02
131 130 -1.831631913226e-02
132 130 -1.831631913226e-02
133 130 -8.060671580262e-02
134 130 1.831631913226e-02
135 130 1.831631913226e-02
128 131 -3.055775194640e-05
129 131 3.055775194640e-05
130 131 -1.831631913226e-02
131 131 8.066116223821e-02
132 131 -1.831631913226e-02
133 131 1.831631913226e-02
134 131 -8.060671580262e-02
135 131 1.831631913226e-02
127 132 3.055775194640e-05
129 132 -3.055775194640e-05
130 132 -1.831631913226e-02
131 132 -1.831631913226e-02
132 132 8.066116223821e-02
133 132 1.831631913226e-02
134 132 1.831631913226e-02
135 132 -8.060671580262e-02
130 133 -8.060671580262e-02
131 133 1.831631913226e-02
132 133 1.831631913226e-02
133 133 8.280285692417e-02
134 133 -1.874205645879e-02
135 133 -1.874205645879e-02
130 134 1.831631913226e-02
131 134 -8.060671580262e-02
132 134 1.831631913226e-02
133 134 -1.874205645879e-02
134 134 8.280285692417e-02
135 134 -1.874205645879e-02
130 135 1.831631913226e-02
131 135 1.831631913226e-02
132 135 -8.060671580262e-02
133 135 -1.874205645879e-02
134 135 -1.874205645879e-02
135 135 8.280285692417e-02
136 136 4.597127379695e-02
137 136 -9.106958457053e-04
138 136 -9.106958457053e-04
139 136 -1.600231931163e-04
141 136 1.600231931163e-04
136 137 -9.106958457053e-04
137 137 4.597127379695e-02
138 137 -9.106958457053e-04
139 137 1.600231931163e-04
140 137 -1.600231931163e-04
136 138 -9.106958457053e-04
137 138 -9.106958457053e-04
138 138 4.597127379695e-02
140 138 1.600231931163e-04
141 138 -1.600231931163e-04
136 139 -1.600231931163e-04
137 139 1.600231931163e-04
139 139 2.213571708529e-03
140 139 -4.262786674641e-04
141 139 -4.262786674641e-04
137 140 -1.600231931163e-04
138 140 1.600231931163e-04
139 140 -4.262786674641e-04
140 140 2.213571708529e-03
141 140 -4.262786674641e-04
136 141 1.600231931163e-04
138 141 -1.600231931163e-04
139 141 -4.262786674641e-04
140 141 -4.262786674641e-04
141 141 2.213571708529e-03
142 142 5.950358645405e-04
148 142 -4.195871766989e-05
143 143 5.950358645405e-04
149 143 -4.195871766989e-05
144 144 5.950358645405e-04
150 144 -4.195871766989e-05
145 145 8.164306392823e-03
146 145 -1.670399066874e-03
147 145 -1.670399066874e-03
148 145 -5.411318013015e-03
149 145 1.229014884559e-03
150 145 1.229014884559e-03
145 146 -1.670399066874e-03
146 146 8.164306392823e-03
147 146 -1.670399066874e-03
148 146 1.229014884559e-03
149 146 -5.411318013015e-03
150 146 1.229014884559e-03
145 147 -1.670399066874e-03
146 147 -1.670399066874e-03
147 147 8.164306392823e-03
148 147 1.229014884559e-03
149 147 1.229014884559e-03
150 147 -5.411318013015e-03
142 148 -4.195871766989e-05
145 148 -5.411318013015e-03
146 148 1.229014884559e-03
147 148 1.229014884559e-03
148 148 5.983851035132e-03
149 148 -1.229014884559e-03
150 148 -1.229014884559e-03
143 149 -4.195871766989e-05
145 149 1.229014884559e-03
146 149 -5.411318013015e-03
147 149 1.229014884559e-03
148 149 -1.229014884559e-03
149 149 5.983851035132e-03
150 149 -1.229014884559e-03
144 150 -4.195871766989e-05
145 150 1.229014884559e-03
146 150 1.229014884559e-03
147 150 -5.411318013015e-03
148 150 -1.229014884559e-03
149 150 -1.229014884559e-03
150 150 5.983851035132e-03
151 151 1.349887217878e-02
154 151 -2.038449887000e-03
152 152 1.349887217878e-02
155 152 -2.038449887000e-03
153 153 1.349887217878e-02
156 153 -2.038449887000e-03
151 154 -2.038449887000e-03
154 154 8.089004997097e-02
155 154 -1.828577005699e-02
156 154 -1.828577005699e-02
157 154 -8.050698458094e-02
158 154 1.828577005699e-02
159 154 1.828577005699e-02
152 155 -2.038449887000e-03
154 155 -1.828577005699e-02
155 155 8.089004997097e-02
156 155 -1.828577005699e-02
157 155 1.828577005699e-02
158 155 -8.050698458094e-02
159 155 1.828577005699e-02
153 156 -2.038449887000e-03
154 156 -1.828577005699e-02
155 156 -1.828577005699e-02
156 156 8.089004997097e-02
157 156 1.828577005699e-02
158 156 1.828577005699e-02
159 156 -8.050698458094e-02
154 157 -8.050698458094e-02
155 157 1.828577005699e-02
156 157 1.828577005699e-02
157 157 9.113505935952e-02
158 157 -2.054279892640e-02
159 157 -2.054279892640e-02
160 157 -8.064810680542e-03
161 157 1.832900211328e-03
162 157 1.832900211328e-03
154 158 1.828577005699e-02
155 158 -8.050698458094e-02
156 158 1.828577005699e-02
157 158 -2.054279892640e-02
158 158 9.113505935952e-02
159 158 -2.054279892640e-02
160 158 1.832900211328e-03
161 158 -8.064810680542e-03
162 158 1.832900211328e-03
154 159 1.828577005699e-02
155 159 1.828577005699e-02
156 159 -8.050698458094e-02
157 159 -2.054279892640e-02
158 159 -2.054279892640e-02
159 159 9.113505935952e-02
160 159 1.832900211328e-03
161 159 1.832900211328e-03
162 159 -8.064810680542e-03
157 160 -8.064810680542e-03
158 160 1.832900211328e-03
159 160 1.832900211328e-03
160 160 1.309948236848e-02
161 160 -2.746698852220e-03
162 160 -2.746698852220e-03
157 161 1.832900211328e-03
158 161 -8.064810680542e-03
159 161 1.832900211328e-03
160 161 -2.746698852220e-03
161 161 1.309948236848e-02
162 161 -2.746698852220e-03
157 162 1.832900211328e-03
158 162 1.832900211328e-03
159 162 -8.064810680542e-03
160 162 -2.746698852220e-03
161 162 -2.746698852220e-03
162 162 1.309948236848e-02
163 163 1.930079230759e-01
164 163 -3.961136438519e-03
165 163 -3.961136438519e-03
166 163 -2.088096824808e-04
168 163 2.088096824808e-04
163 164 -3.961136438519e-03
164 164 1.930079230759e-01
165 164 -3.961136438519e-03
166 164 2.088096824808e-04
167 164 -2.088096824808e-04
163 165 -3.961136438519e-03
164 165 -3.961136438519e-03
165 165 1.930079230759e-01
167 165 2.088096824808e-04
168 165 -2.088096824808e-04
163 166 -2.088096824808e-04
164 166 2.088096824808e-04
166 166 2.222186901744e-03
167 166 -4.281756428823e-04
168 166 -4.281756428823e-04
164 167 -2.088096824808e-04
165 167 2.088096824808e-04
166 167 -4.281756428823e-04
167 167 2.222186901744e-03
168 167 -4.281756428823e-04
163 168 2.088096824808e-04
165 168 -2.088096824808e-04
166 168 -4.281756428823e-04
167 168 -4.281756428823e-04
168 168 2.222186901744e-03
169 169 1.047385583790e-02
172 169 -1.966073848523e-04
170 170 1.047385583790e-02
173 170 -1.966073848523e-04
171 171 1.047385583790e-02
174 171 -1.966073848523e-04
169 172 -1.966073848523e-04
172 172 2.238836961469e-03
173 172 -4.241286580823e-04
174 172 -4.241286580823e-04
170 173 -1.966073848523e-04
172 173 -4.241286580823e-04
173 173 2.238836961469e-03
174 173 -4.241286580823e-04
171 174 -1.966073848523e-04
172 174 -4.241286580823e-04
173 174 -4.241286580823e-04
174 174 2.238836961469e-03
175 175 2.001164190185e-02
181 175 -1.468784772073e-04
176 176 2.001164190185e-02
182 176 -1.468784772073e-04
177 177 2.001164190185e-02
183 177 -1.468784772073e-04
178 178 1.999715940662e-02
181 178 -1.441979235633e-04
179 179 1.999715940662e-02
182 179 -1.441979235633e-04
180 180 1.999715940662e-02
183 180 -1.441979235633e-04
175 181 -1.468784772073e-04
178 181 -1.441979235633e-04
181 181 9.121427004020e-01
182 181 -1.302980117568e-03
183 181 -1.302980117568e-03
176 182 -1.468784772073e-04
179 182 -1.441979235633e-04
181 182 -1.302980117568e-03
182 182 9.121427004020e-01
183 182 -1.302980117568e-03
177 183 -1.468784772073e-04
180 183 -1.441979235633e-04
181 183 -1.302980117568e-03
182 183 -1.302980117568e-03
183 183 9.121427004020e-01
184 184 1.126744298073e-01
185 184 -7.170980311281e-03
186 184 -7.170980311281e-03
187 184 -3.608694602258e-04
189 184 3.608694602258e-04
184 185 -7.170980311281e-03
185 185 1.126744298073e-01
186 185 -7.170980311281e-03
187 185 3.608694602258e-04
188 185 -3.608694602258e-04
184 186 -7.170980311281e-03
185 186 -7.170980311281e-03
186 186 1.126744298073e-01
188 186 3.608694602258e-04
189 186 -3.608694602258e-04
184 187 -3.608694602258e-04
185 187 3.608694602258e-04
187 187 2.225606145162e-03
188 187 -4.289335286011e-04
189 187 -4.289335286011e-04
185 188 -3.608694602258e-04
186 188 3.608694602258e-04
187 188 -4.289335286011e-04
188 188 2.225606145162e-03
189 188 -4.289335286011e-04
184 189 3.608694602258e-04
186 189 -3.608694602258e-04
187 189 -4.289335286011e-04
188 189 -4.289335286011e-04
189 189 2.225606145162e-03
190 190 1.294945232076e-01
191 190 -6.907887774725e-03
192 190 -6.907887774725e-03
196 190 -3.562128419884e-04
198 190 3.562128419884e-04
190 191 -6.907887774725e-03
191 191 1.294945232076e-01
192 191 -6.907887774725e-03
196 191 3.562128419884e-04
197 191 -3.562128419884e-04
190 192 -6.907887774725e-03
191 192 -6.907887774725e-03
192 192 1.294945232076e-01
197 192 3.562128419884e-04
198 192 -3.562128419884e-04
193 193 1.294598985809e-01
194 193 -6.890575461384e-03
195 193 -6.890575461384e-03
196 193 -3.553201134819e-04
198 193 3.553201134819e-04
193 194 -6.890575461384e-03
194 194 1.294598985809e-01
195 194 -6.890575461384e-03
196 194 3.553201134819e-04
197 194 -3.553201134819e-04
193 195 -6.890575461384e-03
194 195 -6.890575461384e-03
195 195 1.294598985809e-01
197 195 3.553201134819e-04
198 195 -3.553201134819e-04
190 196 -3.562128419884e-04
191 196 3.562128419884e-04
193 196 -3.553201134819e-04
194 196 3.553201134819e-04
196 196 2.215983302510e-03
197 196 -4.211956953245e-04
198 196 -4.211956953245e-04
191 197 -3.562128419884e-04
192 197 3.562128419884e-04
194 197 -3.553201134819e-04
195 197 3.553201134819e-04
196 197 -4.211956953245e-04
197 197 2.215983302510e-03
198 197 -4.211956953245e-04
190 198 3.562128419884e-04
192 198 -3.562128419884e-04
193 198 3.553201134819e-04
195 198 -3.553201134819e-04
196 198 -4.211956953245e-04
197 198 -4.211956953245e-04
198 198 2.215983302510e-03
199 199 2.356697235922e-03
200 199 -4.413841823152e-04
201 199 -4.413841823152e-04
202 199 -8.157082547593e-05
199 200 -4.413841823152e-04
200 200 2.356697235922e-03
201 200 -4.413841823152e-04
203 200 -8.157082547593e-05
199 201 -4.413841823152e-04
200 201 -4.413841823152e-04
201 201 2.356697235922e-03
204 201 -8.157082547593e-05
199 202 -8.157082547593e-05
202 202 4.753304144626e-02
203 202 -1.078050925754e-02
204 202 -1.078050925754e-02
205 202 -4.743596194655e-02
206 202 1.078050925754e-02
207 202 1.078050925754e-02
200 203 -8.157082547593e-05
202 203 -1.078050925754e-02
203 203 4.753304144626e-02
204 203 -1.078050925754e-02
205 203 1.078050925754e-02
206 203 -4.743596194655e-02
207 203 1.078050925754e-02
201 204 -8.157082547593e-05
202 204 -1.078050925754e-02
203 204 -1.078050925754e-02
204 204 4.753304144626e-02
205 204 1.078050925754e-02
206 204 1.078050925754e-02
207 204 -4.743596194655e-02
202 205 -4.743596194655e-02
203 205 1.078050925754e-02
204 205 1.078050925754e-02
205 205 5.400724209917e-02
206 205 -1.204945500876e-02
207 205 -1.204945500876e-02
202 206 1.078050925754e-02
203 206 -4.743596194655e-02
204 206 1.078050925754e-02
205 206 -1.204945500876e-02
206 206 5.400724209917e-02
207 206 -1.204945500876e-02
202 207 1.078050925754e-02
203 207 1.078050925754e-02
204 207 -4.743596194655e-02
205 207 -1.204945500876e-02
206 207 -1.204945500876e-02
207 207 5.400724209917e-02
208 208 4.725971478402e-03
209 208 -9.135970174981e-04
210 208 -9.135970174981e-04
208 209 -9.135970174981e-04
209 209 4.725971478402e-03
210 209 -9.135970174981e-04
208 210 -9.135970174981e-04
209 210 -9.135970174981e-04
210 210 4.725971478402e-03
211 211 6.514692745332e-03
212 211 -1.268775234394e-03
213 211 -1.268775234394e-03
211 212 -1.268775234394e-03
212 212 6.514692745332e-03
213 212 -1.268775234394e-03
211 213 -1.268775234394e-03
212 213 -1.268775234394e-03
213 213 6.514692745332e-03
214 214 7.588098084099e-01
215 214 -1.299312554295e-03
216 214 -1.299312554295e-03
217 214 -1.655333844208e-04
214 215 -1.299312554295e-03
215 215 7.588098084099e-01
216 215 -1.299312554295e-03
218 215 -1.655333844208e-04
214 216 -1.299312554295e-03
215 216 -1.299312554295e-03
216 216 7.588098084099e-01
219 216 -1.655333844208e-04
214 217 -1.655333844208e-04
217 217 2.202256970357e-02
215 218 -1.655333844208e-04
218 218 2.202256970357e-02
216 219 -1.655333844208e-04
219 219 2.202256970357e-02
220 220 4.742814797734e-03
221 220 -9.131289911771e-04
222 220 -9.131289911771e-04
223 220 -1.504933101822e-04
220 221 -9.131289911771e-04
221 221 4.742814797734e-03
222 221 -9.131289911771e-04
224 221 -1.504933101822e-04
220 222 -9.131289911771e-04
221 222 -9.131289911771e-04
222 222 4.742814797734e-03
225 222 -1.504933101822e-04
220 223 -1.504933101822e-04
223 223 2.993115667748e-02
221 224 -1.504933101822e-04
224 224 2.993115667748e-02
222 225 -1.504933101822e-04
225 225 2.993115667748e-02
226 226 4.546212409204e-03
227 226 -8.823937924013e-04
228 226 -8.823937924013e-04
229 226 -1.125763576820e-04
232 226 -1.093854543985e-04
226 227 -8.823937924013e-04
227 227 4.546212409204e-03
228 227 -8.823937924013e-04
230 227 -1.125763576820e-04
233 227 -1.093854543985e-04
226 228 -8.823937924013e-04
227 228 -8.823937924013e-04
228 228 4.546212409204e-03
231 228 -1.125763576820e-04
234 228 -1.093854543985e-04
226 229 -1.125763576820e-04
229 229 9.883160562910e-03
227 230 -1.125763576820e-04
230 230 9.883160562910e-03
228 231 -1.125763576820e-04
231 231 9.883160562910e-03
226 232 -1.093854543985e-04
232 232 1.565012778431e-02
227 233 -1.093854543985e-04
233 233 1.565012778431e-02
228 234 -1.093854543985e-04
234 234 1.565012778431e-02
235 235 1.246569085824e-02
236 235 -2.546705976543e-03
237 235 -2.546705976543e-03
244 235 -6.348482934755e-03
245 235 1.442815838977e-03
246 235 1.442815838977e-03
235 236 -2.546705976543e-03
236 236 1.246569085824e-02
237 236 -2.546705976543e-03
244 236 1.442815838977e-03
245 236 -6.348482934755e-03
246 236 1.442815838977e-03
235 237 -2.546705976543e-03
236 237 -2.546705976543e-03
237 237 1.246569085824e-02
244 237 1.442815838977e-03
245 237 1.442815838977e-03
246 237 -6.348482934755e-03
238 238 9.768726261781e-03
244 238 -8.387868468661e-05
239 239 9.768726261781e-03
245 239 -8.387868468661e-05
240 240 9.768726261781e-03
246 240 -8.387868468661e-05
241 241 1.183627149447e-02
244 241 -8.216834345882e-05
242 242 1.183627149447e-02
245 242 -8.216834345882e-05
243 243 1.183627149447e-02
246 243 -8.216834345882e-05
235 244 -6.348482934755e-03
236 244 1.442815838977e-03
237 244 1.442815838977e-03
238 244 -8.387868468661e-05
241 244 -8.216834345882e-05
244 244 6.812566378397e-03
245 244 -1.442815838977e-03
246 244 -1.442815838977e-03
235 245 1.442815838977e-03
236 245 -6.348482934755e-03
237 245 1.442815838977e-03
239 245 -8.387868468661e-05
242 245 -8.216834345882e-05
244 245 -1.442815838977e-03
245 245 6.812566378397e-03
246 245 -1.442815838977e-03
235 246 1.442815838977e-03
236 246 1.442815838977e-03
237 246 -6.348482934755e-03
240 246 -8.387868468661e-05
243 246 -8.216834345882e-05
244 246 -1.442815838977e-03
245 246 -1.442815838977e-03
246 246 6.812566378397e-03
247 247 3.627673607993e-01
248 247 -4.972036206853e-03
249 247 -4.972036206853e-03
259 247 -2.620988490930e-04
261 247 2.620988490930e-04
247 248 -4.972036206853e-03
248 248 3.627673607993e-01
249 248 -4.972036206853e-03
259 248 2.620988490930e-04
260 248 -2.620988490930e-04
247 249 -4.972036206853e-03
248 249 -4.972036206853e-03
249 249 3.627673607993e-01
260 249 2.620988490930e-04
261 249 -2.620988490930e-04
250 250 4.782268070187e-01
251 250 -4.862383853686e-03
252 250 -4.862383853686e-03
259 250 -2.593699818266e-04
261 250 2.593699818266e-04
250 251 -4.862383853686e-03
251 251 4.782268070187e-01
252 251 -4.862383853686e-03
259 251 2.593699818266e-04
260 251 -2.593699818266e-04
250 252 -4.862383853686e-03
251 252 -4.862383853686e-03
252 252 4.782268070187e-01
260 252 2.593699818266e-04
261 252 -2.593699818266e-04
253 253 8.422988330641e-03
262 253 -1.071849455787e-04
254 254 8.422988330641e-03
263 254 -1.071849455787e-04
255 255 8.422988330641e-03
264 255 -1.071849455787e-04
256 256 9.122908574062e-03
257 256 -1.229624970968e-03
258 256 -1.229624970968e-03
259 256 -2.120676285346e-03
260 256 4.818389503713e-04
261 256 4.818389503713e-04
262 256 -1.387008410903e-03
263 256 3.151415459604e-04
264 256 3.151415459604e-04
256 257 -1.229624970968e-03
257 257 9.122908574062e-03
258 257 -1.229624970968e-03
259 257 4.818389503713e-04
260 257 -2.120676285346e-03
261 257 4.818389503713e-04
262 257 3.151415459604e-04
263 257 -1.387008410903e-03
264 257 3.151415459604e-04
256 258 -1.229624970968e-03
257 258 -1.229624970968e-03
258 258 9.122908574062e-03
259 258 4.818389503713e-04
260 258 4.818389503713e-04
261 258 -2.120676285346e-03
262 258 3.151415459604e-04
263 258 3.151415459604e-04
264 258 -1.387008410903e-03
247 259 -2.620988490930e-04
248 259 2.620988490930e-04
250 259 -2.593699818266e-04
251 259 2.593699818266e-04
256 259 -2.120676285346e-03
257 259 4.818389503713e-04
258 259 4.818389503713e-04
259 259 3.499412355201e-03
260 259 -4.818389503713e-04
261 259 -4.818389503713e-04
248 260 -2.620988490930e-04
249 260 2.620988490930e-04
251 260 -2.593699818266e-04
252 260 2.593699818266e-04
256 260 4.818389503713e-04
257 260 -2.120676285346e-03
258 260 4.818389503713e-04
259 260 -4.818389503713e-04
260 260 3.499412355201e-03
261 260 -4.818389503713e-04
247 261 2.620988490930e-04
249 261 -2.620988490930e-04
250 261 2.593699818266e-04
252 261 -2.593699818266e-04
256 261 4.818389503713e-04
257 261 4.818389503713e-04
258 261 -2.120676285346e-03
259 261 -4.818389503713e-04
260 261 -4.818389503713e-04
261 261 3.499412355201e-03
253 262 -1.071849455787e-04
256 262 -1.387008410903e-03
257 262 3.151415459604e-04
258 262 3.151415459604e-04
262 262 5.906042650139e-01
263 262 -7.272236292118e-04
264 262 -7.272236292118e-04
254 263 -1.071849455787e-04
256 263 3.151415459604e-04
257 263 -1.387008410903e-03
258 263 3.151415459604e-04
262 263 -7.272236292118e-04
263 263 5.906042650139e-01
264 263 -7.272236292118e-04
255 264 -1.071849455787e-04
256 264 3.151415459604e-04
257 264 3.151415459604e-04
258 264 -1.387008410903e-03
262 264 -7.272236292118e-04
263 264 -7.272236292118e-04
264 264 5.906042650139e-01
265 265 2.946253976099e-02
277 265 -1.525963837604e-04
266 266 2.946253976099e-02
278 266 -1.525963837604e-04
267 267 2.946253976099e-02
279 267 -1.525963837604e-04
268 268 7.735141237545e-02
271 268 -5.000000000000e-02
277 268 -1.547674034263e-04
269 269 7.735141237545e-02
272 269 -5.000000000000e-02
278 269 -1.547674034263e-04
270 270 7.735141237545e-02
273 270 -5.000000000000e-02
279 270 -1.547674034263e-04
268 271 -5.000000000000e-02
271 271 5.032310924888e-02
274 271 -3.379478475017e-04
275 271 3.379478475017e-04
269 272 -5.000000000000e-02
272 272 5.032310924888e-02
275 272 -3.379478475017e-04
276 272 3.379478475017e-04
270 273 -5.000000000000e-02
273 273 5.032310924888e-02
274 273 3.379478475017e-04
276 273 -3.379478475017e-04
271 274 -3.379478475017e-04
273 274 3.379478475017e-04
274 274 1.443312824773e-03
275 274 -3.534678998681e-04
276 274 -3.534678998681e-04
271 275 3.379478475017e-04
272 275 -3.379478475017e-04
274 275 -3.534678998681e-04
275 275 1.443312824773e-03
276 275 -3.534678998681e-04
272 276 3.379478475017e-04
273 276 -3.379478475017e-04
274 276 -3.534678998681e-04
275 276 -3.534678998681e-04
276 276 1.443312824773e-03
265 277 -1.525963837604e-04
268 277 -1.547674034263e-04
277 277 7.035866615371e-01
278 277 -1.320420555817e-03
279 277 -1.320420555817e-03
266 278 -1.525963837604e-04
269 278 -1.547674034263e-04
277 278 -1.320420555817e-03
278 278 7.035866615371e-01
279 278 -1.320420555817e-03
267 279 -1.525963837604e-04
270 279 -1.547674034263e-04
277 279 -1.320420555817e-03
278 279 -1.320420555817e-03
279 279 7.035866615371e-01
280 280 1.657615855243e-01
281 280 -7.689693297924e-03
282 280 -7.689693297924e-03
286 280 -4.158107937288e-04
288 280 4.158107937288e-04
280 281 -7.689693297924e-03
281 281 1.657615855243e-01
282 281 -7.689693297924e-03
286 281 4.158107937288e-04
287 281 -4.158107937288e-04
280 282 -7.689693297924e-03
281 282 -7.689693297924e-03
282 282 1.657615855243e-01
287 282 4.158107937288e-04
288 282 -4.158107937288e-04
283 283 1.661571864319e-01
284 283 -7.887493751707e-03
285 283 -7.887493751707e-03
286 283 -4.265066122096e-04
288 283 4.265066122096e-04
283 284 -7.887493751707e-03
284 284 1.661571864319e-01
285 284 -7.887493751707e-03
286 284 4.265066122096e-04
287 284 -4.265066122096e-04
283 285 -7.887493751707e-03
284 285 -7.887493751707e-03
285 285 1.661571864319e-01
287 285 4.265066122096e-04
288 285 -4.265066122096e-04
280 286 -4.158107937288e-04
281 286 4.158107937288e-04
283 286 -4.265066122096e-04
284 286 4.265066122096e-04
286 286 5.955741371499e-03
287 286 -8.376028440472e-04
288 286 -8.376028440472e-04
281 287 -4.158107937288e-04
282 287 4.158107937288e-04
284 287 -4.265066122096e-04
285 287 4.265066122096e-04
286 287 -8.376028440472e-04
287 287 5.955741371499e-03
288 287 -8.376028440472e-04
280 288 4.158107937288e-04
282 288 -4.158107937288e-04
283 288 4.265066122096e-04
285 288 -4.265066122096e-04
286 288 -8.376028440472e-04
287 288 -8.376028440472e-04
288 288 5.955741371499e-03
289 289 1.219544810124e-02
298 289 -3.712888198171e-04
290 290 1.219544810124e-02
299 290 -3.712888198171e-04
291 291 1.219544810124e-02
300 291 -3.712888198171e-04
292 292 5.657875030260e-01
298 292 -1.508641951889e-04
293 293 5.657875030260e-01
299 293 -1.508641951889e-04
294 294 5.657875030260e-01
300 294 -1.508641951889e-04
295 295 2.882040825854e-03
296 295 -5.476077740772e-04
297 295 -5.476077740772e-04
298 295 -9.613714539152e-05
295 296 -5.476077740772e-04
296 296 2.882040825854e-03
297 296 -5.476077740772e-04
299 296 -9.613714539152e-05
295 297 -5.476077740772e-04
296 297 -5.476077740772e-04
297 297 2.882040825854e-03
300 297 -9.613714539152e-05
289 298 -3.712888198171e-04
292 298 -1.508641951889e-04
295 298 -9.613714539152e-05
298 298 9.239756382033e-01
299 298 -8.667891478653e-04
300 298 -8.667891478653e-04
290 299 -3.712888198171e-04
293 299 -1.508641951889e-04
296 299 -9.613714539152e-05
298 299 -8.667891478653e-04
299 299 9.239756382033e-01
300 299 -8.667891478653e-04
291 300 -3.712888198171e-04
294 300 -1.508641951889e-04
297 300 -9.613714539152e-05
298 300 -8.667891478653e-04
299 300 -8.667891478653e-04
300 300 9.239756382033e-01
301 301 1.091592318614e-02
307 301 -1.235064928945e-04
302 302 1.091592318614e-02
308 302 -1.235064928945e-04
303 303 1.091592318614e-02
309 303 -1.235064928945e-04
304 304 1.092032366202e-02
307 304 -1.243221813129e-04
305 305 1.092032366202e-02
308 305 -1.243221813129e-04
306 306 1.092032366202e-02
309 306 -1.243221813129e-04
301 307 -1.235064928945e-04
304 307 -1.243221813129e-04
307 307 4.539574923688e-03
308 307 -8.437740094600e-04
309 307 -8.437740094600e-04
310 307 -3.713629065188e-03
311 307 8.437740094600e-04
312 307 8.437740094600e-04
302 308 -1.235064928945e-04
305 308 -1.243221813129e-04
307 308 -8.437740094600e-04
308 308 4.539574923688e-03
309 308 -8.437740094600e-04
310 308 8.437740094600e-04
311 308 -3.713629065188e-03
312 308 8.437740094600e-04
303 309 -1.235064928945e-04
306 309 -1.243221813129e-04
307 309 -8.437740094600e-04
308 309 -8.437740094600e-04
309 309 4.539574923688e-03
310 309 8.437740094600e-04
311 309 8.437740094600e-04
312 309 -3.713629065188e-03
307 310 -3.713629065188e-03
308 310 8.437740094600e-04
309 310 8.437740094600e-04
310 310 8.998607451919e-03
311 310 -1.716189989464e-03
312 310 -1.716189989464e-03
307 311 8.437740094600e-04
308 311 -3.713629065188e-03
309 311 8.437740094600e-04
310 311 -1.716189989464e-03
311 311 8.998607451919e-03
312 311 -1.716189989464e-03
307 312 8.437740094600e-04
308 312 8.437740094600e-04
309 312 -3.713629065188e-03
310 312 -1.716189989464e-03
311 312 -1.716189989464e-03
312 312 8.998607451919e-03
313 313 2.968144977848e-01
314 313 -3.809246887472e-03
315 313 -3.809246887472e-03
316 313 -2.103649293462e-04
318 313 2.103649293462e-04
313 314 -3.809246887472e-03
314 314 2.968144977848e-01
315 314 -3.809246887472e-03
316 314 2.103649293462e-04
317 314 -2.103649293462e-04
313 315 -3.809246887472e-03
314 315 -3.809246887472e-03
315 315 2.968144977848e-01
317 315 2.103649293462e-04
318 315 -2.103649293462e-04
313 316 -2.103649293462e-04
314 316 2.103649293462e-04
316 316 4.289616579374e-03
317 316 -8.319178901970e-04
318 316 -8.319178901970e-04
314 317 -2.103649293462e-04
315 317 2.103649293462e-04
316 317 -8.319178901970e-04
317 317 4.289616579374e-03
318 317 -8.319178901970e-04
313 318 2.103649293462e-04
315 318 -2.103649293462e-04
316 318 -8.319178901970e-04
317 318 -8.319178901970e-04
318 318 4.289616579374e-03
319 319 7.471618588572e-03
325 319 -7.911231184235e-05
320 320 7.471618588572e-03
326 320 -7.911231184235e-05
321 321 7.471618588572e-03
327 321 -7.911231184235e-05
322 322 3.606929586751e-02
323 322 -8.008190015125e-04
324 322 -8.008190015125e-04
325 322 -1.326752276622e-04
327 322 1.326752276622e-04
322 323 -8.008190015125e-04
323 323 3.606929586751e-02
324 323 -8.008190015125e-04
325 323 1.326752276622e-04
326 323 -1.326752276622e-04
322 324 -8.008190015125e-04
323 324 -8.008190015125e-04
324 324 3.606929586751e-02
326 324 1.326752276622e-04
327 324 -1.326752276622e-04
319 325 -7.911231184235e-05
322 325 -1.326752276622e-04
323 325 1.326752276622e-04
325 325 4.461931730182e-03
326 325 -8.642356169298e-04
327 325 -8.642356169298e-04
320 326 -7.911231184235e-05
323 326 -1.326752276622e-04
324 326 1.326752276622e-04
325 326 -8.642356169298e-04
326 326 4.461931730182e-03
327 326 -8.642356169298e-04
321 327 -7.911231184235e-05
322 327 1.326752276622e-04
324 327 -1.326752276622e-04
325 327 -8.642356169298e-04
326 327 -8.642356169298e-04
327 327 4.461931730182e-03
328 328 1.207902616739e-02
334 328 -1.034777823018e-04
329 329 1.207902616739e-02
335 329 -1.034777823018e-04
330 330 1.207902616739e-02
336 330 -1.034777823018e-04
331 331 1.516903828635e-02
334 331 -1.121303028174e-04
332 332 1.516903828635e-02
335 332 -1.121303028174e-04
333 333 1.516903828635e-02
336 333 -1.121303028174e-04
328 334 -1.034777823018e-04
331 334 -1.121303028174e-04
334 334 6.733368904955e-03
335 334 -1.307243227861e-03
336 334 -1.307243227861e-03
329 335 -1.034777823018e-04
332 335 -1.121303028174e-04
334 335 -1.307243227861e-03
335 335 6.733368904955e-03
336 335 -1.307243227861e-03
330 336 -1.034777823018e-04
333 336 -1.121303028174e-04
334 336 -1.307243227861e-03
335 336 -1.307243227861e-03
336 336 6.733368904955e-03
337 337 7.866624272033e-04
343 337 -1.455488505039e-04
338 338 7.866624272033e-04
344 338 -1.455488505039e-04
339 339 7.866624272033e-04
345 339 -1.455488505039e-04
340 340 1.000000000000e+00
343 340 -1.072092375828e-04
341 341 1.000000000000e+00
344 341 -1.072092375828e-04
342 342 1.000000000000e+00
345 342 -1.072092375828e-04
337 343 -1.455488505039e-04
343 343 1.741406729719e-03
344 343 -3.237959747005e-04
345 343 -3.237959747005e-04
338 344 -1.455488505039e-04
343 344 -3.237959747005e-04
344 344 1.741406729719e-03
345 344 -3.237959747005e-04
339 345 -1.455488505039e-04
343 345 -3.237959747005e-04
344 345 -3.237959747005e-04
345 345 1.741406729719e-03
346 346 6.126210113224e-03
347 346 -1.190754647968e-03
348 346 -1.190754647968e-03
346 347 -1.190754647968e-03
347 347 6.126210113224e-03
348 347 -1.190754647968e-03
346 348 -1.190754647968e-03
347 348 -1.190754647968e-03
348 348 6.126210113224e-03
349 349 1.407065609274e-02
350 349 -2.994977949908e-03
351 349 -2.994977949908e-03
358 349 -9.261767384642e-03
359 349 2.104290859845e-03
360 349 2.104290859845e-03
349 350 -2.994977949908e-03
350 350 1.407065609274e-02
351 350 -2.994977949908e-03
358 350 2.104290859845e-03
359 350 -9.261767384642e-03
360 350 2.104290859845e-03
349 351 -2.994977949908e-03
350 351 -2.994977949908e-03
351 351 1.407065609274e-02
358 351 2.104290859845e-03
359 351 2.104290859845e-03
360 351 -9.261767384642e-03
352 352 4.745381752179e-03
358 352 -7.724343878560e-05
353 353 4.745381752179e-03
359 353 -7.724343878560e-05
354 354 4.745381752179e-03
